# Blender v2.79 (sub 0) OBJ File: 'map.blend'
# www.blender.org
o it_CUpath1239-7
v 1.148299 0.000000 -0.284281
v 1.137412 0.000000 -0.277078
v 1.122361 0.000000 -0.278198
v 1.109712 0.000000 -0.272916
v 1.099465 0.000000 -0.271475
v 1.099238 0.000000 -0.271494
v 1.098608 0.000000 -0.271544
v 1.097654 0.000000 -0.271620
v 1.096452 0.000000 -0.271712
v 1.095082 0.000000 -0.271813
v 1.093621 0.000000 -0.271915
v 1.092146 0.000000 -0.272010
v 1.090736 0.000000 -0.272091
v 1.089468 0.000000 -0.272150
v 1.088420 0.000000 -0.272179
v 1.087670 0.000000 -0.272170
v 1.087296 0.000000 -0.272115
v 1.086998 0.000000 -0.271975
v 1.086457 0.000000 -0.271731
v 1.085726 0.000000 -0.271405
v 1.084853 0.000000 -0.271018
v 1.083892 0.000000 -0.270594
v 1.082893 0.000000 -0.270154
v 1.081908 0.000000 -0.269721
v 1.080987 0.000000 -0.269317
v 1.080182 0.000000 -0.268963
v 1.079543 0.000000 -0.268684
v 1.079122 0.000000 -0.268499
v 1.078971 0.000000 -0.268433
v 1.078877 0.000000 -0.268531
v 1.078612 0.000000 -0.268808
v 1.078200 0.000000 -0.269239
v 1.077666 0.000000 -0.269797
v 1.077034 0.000000 -0.270457
v 1.076329 0.000000 -0.271194
v 1.075575 0.000000 -0.271983
v 1.074796 0.000000 -0.272797
v 1.074017 0.000000 -0.273611
v 1.073263 0.000000 -0.274399
v 1.072558 0.000000 -0.275136
v 1.071926 0.000000 -0.275797
v 1.063920 0.000000 -0.275156
v 1.059597 0.000000 -0.283160
v 1.050631 0.000000 -0.278838
v 1.049190 0.000000 -0.271315
v 1.039743 0.000000 -0.274196
v 1.033499 0.000000 -0.274836
v 1.027895 0.000000 -0.271155
v 1.028215 0.000000 -0.263631
v 1.025493 0.000000 -0.258028
v 1.032058 0.000000 -0.248744
v 1.043426 0.000000 -0.250184
v 1.055114 0.000000 -0.244581
v 1.064401 0.000000 -0.234497
v 1.069844 0.000000 -0.234337
v 1.082814 0.000000 -0.223291
v 1.093381 0.000000 -0.224892
v 1.102507 0.000000 -0.220570
v 1.104108 0.000000 -0.212246
v 1.110833 0.000000 -0.206804
v 1.121400 0.000000 -0.203762
v 1.128445 0.000000 -0.203762
v 1.133088 0.000000 -0.201041
v 1.133889 0.000000 -0.211446
v 1.142695 0.000000 -0.219769
v 1.139173 0.000000 -0.233056
v 1.133088 0.000000 -0.233856
v 1.132448 0.000000 -0.245862
v 1.134690 0.000000 -0.253226
v 1.139653 0.000000 -0.257708
v 1.141094 0.000000 -0.263471
v 1.147338 0.000000 -0.270195
v 1.152302 0.000000 -0.283000
v 1.012614 0.000000 -0.772018
v 0.996402 0.000000 -0.765046
v 0.995297 0.000000 -0.764858
v 0.974083 0.000000 -0.765739
v 0.969912 0.000000 -0.754344
v 0.969912 0.000000 -0.754339
v 0.966935 0.000000 -0.752749
v 0.947330 0.000000 -0.757449
v 0.947330 0.000000 -0.744667
v 0.947330 0.000000 -0.744663
v 0.946647 0.000000 -0.744034
v 0.944601 0.000000 -0.742122
v 0.932842 0.000000 -0.743073
v 0.936547 0.000000 -0.734803
v 0.936547 0.000000 -0.734797
v 0.936607 0.000000 -0.732911
v 0.933273 0.000000 -0.723645
v 0.928989 0.000000 -0.722823
v 0.928968 0.000000 -0.722843
v 0.922826 0.000000 -0.729801
v 0.906912 0.000000 -0.728360
v 0.904237 0.000000 -0.730232
v 0.904237 0.000000 -0.730237
v 0.902216 0.000000 -0.737794
v 0.899071 0.000000 -0.737566
v 0.898154 0.000000 -0.737502
v 0.896941 0.000000 -0.723671
v 0.896915 0.000000 -0.723374
v 0.896915 0.000000 -0.723368
v 0.896133 0.000000 -0.721764
v 0.896128 0.000000 -0.721759
v 0.887276 0.000000 -0.713375
v 0.888753 0.000000 -0.699880
v 0.884617 0.000000 -0.697637
v 0.875369 0.000000 -0.705308
v 0.874547 0.000000 -0.707928
v 0.874547 0.000000 -0.707932
v 0.876211 0.000000 -0.714014
v 0.866924 0.000000 -0.718674
v 0.866463 0.000000 -0.719011
v 0.866310 0.000000 -0.719120
v 0.864388 0.000000 -0.720962
v 0.860787 0.000000 -0.724404
v 0.860019 0.000000 -0.726048
v 0.859400 0.000000 -0.733907
v 0.850786 0.000000 -0.726756
v 0.850618 0.000000 -0.714856
v 0.849984 0.000000 -0.713207
v 0.840063 0.000000 -0.701995
v 0.838116 0.000000 -0.701133
v 0.806698 0.000000 -0.701762
v 0.799476 0.000000 -0.692546
v 0.799476 0.000000 -0.692541
v 0.810631 0.000000 -0.679388
v 0.810631 0.000000 -0.679383
v 0.811230 0.000000 -0.677665
v 0.811230 0.000000 -0.677660
v 0.810913 0.000000 -0.667107
v 0.809452 0.000000 -0.664883
v 0.809452 0.000000 -0.664878
v 0.791070 0.000000 -0.656266
v 0.793839 0.000000 -0.648615
v 0.806980 0.000000 -0.639147
v 0.807619 0.000000 -0.635700
v 0.800373 0.000000 -0.624528
v 0.800635 0.000000 -0.615713
v 0.814489 0.000000 -0.606091
v 0.831489 0.000000 -0.607908
v 0.834238 0.000000 -0.604858
v 0.834238 0.000000 -0.604853
v 0.830552 0.000000 -0.587748
v 0.843748 0.000000 -0.590105
v 0.854982 0.000000 -0.605903
v 0.855467 0.000000 -0.606408
v 0.870500 0.000000 -0.618575
v 0.872149 0.000000 -0.619135
v 0.888490 0.000000 -0.618813
v 0.889372 0.000000 -0.618630
v 0.903786 0.000000 -0.612865
v 0.904761 0.000000 -0.612172
v 0.914252 0.000000 -0.601208
v 0.926872 0.000000 -0.601208
v 0.928254 0.000000 -0.600792
v 0.937542 0.000000 -0.594711
v 0.938666 0.000000 -0.592839
v 0.939954 0.000000 -0.580038
v 0.939954 0.000000 -0.579998
v 0.941153 0.000000 -0.565607
v 0.949073 0.000000 -0.558268
v 0.949895 0.000000 -0.556282
v 0.948999 0.000000 -0.537830
v 0.964200 0.000000 -0.527104
v 0.964893 0.000000 -0.526336
v 0.971110 0.000000 -0.516100
v 0.982601 0.000000 -0.505825
v 0.993929 0.000000 -0.502155
v 0.995519 0.000000 -0.500659
v 1.000651 0.000000 -0.487556
v 1.005311 0.000000 -0.487556
v 1.007313 0.000000 -0.486566
v 1.018358 0.000000 -0.472398
v 1.031895 0.000000 -0.461369
v 1.032812 0.000000 -0.459779
v 1.033728 0.000000 -0.453772
v 1.033949 0.000000 -0.453788
v 1.034151 0.000000 -0.453802
v 1.034340 0.000000 -0.453814
v 1.034521 0.000000 -0.453827
v 1.034699 0.000000 -0.453839
v 1.034881 0.000000 -0.453851
v 1.035071 0.000000 -0.453865
v 1.035276 0.000000 -0.453879
v 1.035501 0.000000 -0.453896
v 1.035750 0.000000 -0.453915
v 1.036031 0.000000 -0.453936
v 1.036348 0.000000 -0.453961
v 1.036667 0.000000 -0.453986
v 1.036986 0.000000 -0.454012
v 1.037304 0.000000 -0.454038
v 1.037621 0.000000 -0.454064
v 1.037935 0.000000 -0.454091
v 1.038246 0.000000 -0.454118
v 1.038552 0.000000 -0.454145
v 1.038853 0.000000 -0.454172
v 1.039147 0.000000 -0.454199
v 1.039433 0.000000 -0.454225
v 1.039711 0.000000 -0.454252
v 1.039979 0.000000 -0.454278
v 1.040241 0.000000 -0.454304
v 1.040498 0.000000 -0.454333
v 1.040745 0.000000 -0.454362
v 1.040979 0.000000 -0.454391
v 1.041195 0.000000 -0.454419
v 1.041389 0.000000 -0.454445
v 1.041556 0.000000 -0.454468
v 1.041693 0.000000 -0.454487
v 1.041795 0.000000 -0.454500
v 1.041859 0.000000 -0.454508
v 1.041879 0.000000 -0.454508
v 1.041851 0.000000 -0.454500
v 1.042079 0.000000 -0.454548
v 1.042296 0.000000 -0.454578
v 1.042504 0.000000 -0.454590
v 1.042701 0.000000 -0.454587
v 1.042887 0.000000 -0.454572
v 1.043063 0.000000 -0.454545
v 1.043229 0.000000 -0.454509
v 1.043383 0.000000 -0.454466
v 1.043527 0.000000 -0.454417
v 1.043660 0.000000 -0.454365
v 1.043782 0.000000 -0.454311
v 1.043892 0.000000 -0.454258
v 1.043994 0.000000 -0.454205
v 1.044089 0.000000 -0.454151
v 1.044179 0.000000 -0.454097
v 1.044264 0.000000 -0.454042
v 1.044344 0.000000 -0.453987
v 1.044420 0.000000 -0.453932
v 1.044492 0.000000 -0.453877
v 1.044561 0.000000 -0.453821
v 1.044627 0.000000 -0.453766
v 1.044691 0.000000 -0.453712
v 1.044753 0.000000 -0.453658
v 1.044813 0.000000 -0.453604
v 1.044931 0.000000 -0.453498
v 1.045043 0.000000 -0.453391
v 1.045152 0.000000 -0.453283
v 1.045258 0.000000 -0.453174
v 1.045360 0.000000 -0.453064
v 1.045460 0.000000 -0.452952
v 1.045559 0.000000 -0.452839
v 1.045656 0.000000 -0.452724
v 1.045753 0.000000 -0.452606
v 1.045850 0.000000 -0.452486
v 1.045948 0.000000 -0.452363
v 1.046047 0.000000 -0.452237
v 1.046246 0.000000 -0.451977
v 1.046447 0.000000 -0.451708
v 1.046649 0.000000 -0.451431
v 1.046852 0.000000 -0.451146
v 1.047055 0.000000 -0.450854
v 1.047259 0.000000 -0.450557
v 1.047462 0.000000 -0.450254
v 1.047665 0.000000 -0.449948
v 1.047867 0.000000 -0.449638
v 1.048067 0.000000 -0.449325
v 1.048266 0.000000 -0.449011
v 1.048464 0.000000 -0.448696
v 1.048720 0.000000 -0.448283
v 1.048951 0.000000 -0.447905
v 1.049160 0.000000 -0.447557
v 1.049351 0.000000 -0.447236
v 1.049525 0.000000 -0.446939
v 1.049684 0.000000 -0.446663
v 1.049832 0.000000 -0.446403
v 1.049971 0.000000 -0.446157
v 1.050103 0.000000 -0.445920
v 1.050231 0.000000 -0.445690
v 1.050357 0.000000 -0.445463
v 1.050485 0.000000 -0.445235
v 1.050632 0.000000 -0.445260
v 1.051049 0.000000 -0.445333
v 1.051697 0.000000 -0.445445
v 1.052536 0.000000 -0.445591
v 1.053530 0.000000 -0.445764
v 1.054640 0.000000 -0.445957
v 1.055826 0.000000 -0.446163
v 1.057051 0.000000 -0.446376
v 1.058275 0.000000 -0.446589
v 1.059462 0.000000 -0.446795
v 1.060571 0.000000 -0.446988
v 1.061565 0.000000 -0.447161
v 1.063323 0.000000 -0.446830
v 1.068232 0.000000 -0.443833
v 1.078134 0.000000 -0.445874
v 1.080679 0.000000 -0.444918
v 1.088357 0.000000 -0.434662
v 1.088728 0.000000 -0.433969
v 1.093018 0.000000 -0.421390
v 1.105525 0.000000 -0.419989
v 1.107734 0.000000 -0.417854
v 1.108913 0.000000 -0.410292
v 1.121306 0.000000 -0.413209
v 1.124094 0.000000 -0.411976
v 1.132406 0.000000 -0.397263
v 1.132331 0.000000 -0.394644
v 1.128904 0.000000 -0.389290
v 1.134541 0.000000 -0.388934
v 1.136131 0.000000 -0.388226
v 1.146785 0.000000 -0.377836
v 1.152060 0.000000 -0.383358
v 1.155938 0.000000 -0.383115
v 1.164904 0.000000 -0.370948
v 1.165404 0.000000 -0.369432
v 1.165404 0.000000 -0.357587
v 1.170125 0.000000 -0.348752
v 1.176375 0.000000 -0.340928
v 1.176905 0.000000 -0.338942
v 1.175088 0.000000 -0.327715
v 1.180947 0.000000 -0.310719
v 1.179115 0.000000 -0.307406
v 1.170897 0.000000 -0.305589
v 1.166984 0.000000 -0.303083
v 1.170372 0.000000 -0.299879
v 1.171026 0.000000 -0.297185
v 1.167504 0.000000 -0.287266
v 1.166380 0.000000 -0.285919
v 1.159529 0.000000 -0.281932
v 1.156701 0.000000 -0.273172
v 1.160649 0.000000 -0.267596
v 1.173275 0.000000 -0.267596
v 1.172824 0.000000 -0.274182
v 1.173275 0.000000 -0.275792
v 1.179035 0.000000 -0.284121
v 1.179565 0.000000 -0.284686
v 1.192181 0.000000 -0.294417
v 1.189318 0.000000 -0.301939
v 1.189298 0.000000 -0.303682
v 1.192181 0.000000 -0.311992
v 1.192815 0.000000 -0.313002
v 1.200175 0.000000 -0.320039
v 1.201671 0.000000 -0.320733
v 1.214460 0.000000 -0.322045
v 1.212925 0.000000 -0.328161
v 1.212885 0.000000 -0.329211
v 1.214044 0.000000 -0.335876
v 1.209760 0.000000 -0.346732
v 1.201542 0.000000 -0.353021
v 1.192646 0.000000 -0.351877
v 1.190046 0.000000 -0.353298
v 1.186529 0.000000 -0.360657
v 1.186658 0.000000 -0.363108
v 1.192349 0.000000 -0.372092
v 1.192349 0.000000 -0.378401
v 1.192706 0.000000 -0.379688
v 1.202627 0.000000 -0.396649
v 1.202944 0.000000 -0.397080
v 1.209666 0.000000 -0.404434
v 1.212003 0.000000 -0.405221
v 1.220657 0.000000 -0.403627
v 1.222078 0.000000 -0.402825
v 1.229662 0.000000 -0.394361
v 1.247127 0.000000 -0.394064
v 1.249019 0.000000 -0.393168
v 1.256374 0.000000 -0.384521
v 1.256880 0.000000 -0.382144
v 1.254710 0.000000 -0.375108
v 1.258658 0.000000 -0.370239
v 1.265414 0.000000 -0.369452
v 1.265062 0.000000 -0.373364
v 1.265736 0.000000 -0.375330
v 1.269797 0.000000 -0.379673
v 1.269272 0.000000 -0.389162
v 1.252085 0.000000 -0.400616
v 1.250980 0.000000 -0.402414
v 1.250198 0.000000 -0.408648
v 1.223688 0.000000 -0.419934
v 1.222901 0.000000 -0.420439
v 1.211161 0.000000 -0.431874
v 1.191864 0.000000 -0.438104
v 1.191279 0.000000 -0.438366
v 1.177747 0.000000 -0.446998
v 1.169416 0.000000 -0.447597
v 1.167261 0.000000 -0.449093
v 1.162788 0.000000 -0.459348
v 1.163705 0.000000 -0.462473
v 1.171907 0.000000 -0.467941
v 1.175221 0.000000 -0.473145
v 1.172279 0.000000 -0.477523
v 1.166290 0.000000 -0.478271
v 1.153372 0.000000 -0.474264
v 1.152397 0.000000 -0.474170
v 1.134783 0.000000 -0.475760
v 1.133584 0.000000 -0.476191
v 1.111493 0.000000 -0.491241
v 1.111156 0.000000 -0.491523
v 1.090977 0.000000 -0.511044
v 1.090526 0.000000 -0.511604
v 1.082532 0.000000 -0.525697
v 1.082269 0.000000 -0.526371
v 1.079069 0.000000 -0.540148
v 1.079049 0.000000 -0.540222
v 1.075270 0.000000 -0.559070
v 1.068603 0.000000 -0.571817
v 1.056586 0.000000 -0.574754
v 1.055293 0.000000 -0.575521
v 1.042806 0.000000 -0.589561
v 1.036367 0.000000 -0.590383
v 1.035000 0.000000 -0.591027
v 1.020586 0.000000 -0.604165
v 1.019833 0.000000 -0.605402
v 1.013117 0.000000 -0.631654
v 1.013696 0.000000 -0.634001
v 1.020230 0.000000 -0.641113
v 1.021275 0.000000 -0.647813
v 1.016728 0.000000 -0.647996
v 1.014350 0.000000 -0.650953
v 1.016391 0.000000 -0.662912
v 1.011076 0.000000 -0.669053
v 1.011131 0.000000 -0.672420
v 1.025228 0.000000 -0.687787
v 1.028878 0.000000 -0.687866
v 1.033167 0.000000 -0.683602
v 1.052559 0.000000 -0.696815
v 1.053570 0.000000 -0.697226
v 1.070886 0.000000 -0.700167
v 1.072541 0.000000 -0.705817
v 1.072704 0.000000 -0.706377
v 1.065517 0.000000 -0.709338
v 1.064784 0.000000 -0.713588
v 1.071466 0.000000 -0.719575
v 1.062971 0.000000 -0.724551
v 1.062971 0.000000 -0.724557
v 1.062857 0.000000 -0.728860
v 1.075473 0.000000 -0.737076
v 1.075473 0.000000 -0.739621
v 1.026050 0.000000 -0.747614
v 1.024594 0.000000 -0.748381
v 1.012424 0.000000 -0.761520
v 1.011770 0.000000 -0.763486
v 0.891899 0.000000 -0.436089
v 0.884598 0.000000 -0.427650
v 0.884301 0.000000 -0.427368
v 0.872448 0.000000 -0.417449
v 0.870952 0.000000 -0.416849
v 0.853541 0.000000 -0.415988
v 0.851971 0.000000 -0.410728
v 0.860208 0.000000 -0.404419
v 0.860917 0.000000 -0.403578
v 0.867004 0.000000 -0.391732
v 0.867207 0.000000 -0.389974
v 0.862938 0.000000 -0.372602
v 0.869174 0.000000 -0.370205
v 0.870615 0.000000 -0.366892
v 0.864028 0.000000 -0.350575
v 0.862229 0.000000 -0.333916
v 0.869099 0.000000 -0.323620
v 0.879001 0.000000 -0.317742
v 0.884712 0.000000 -0.321956
v 0.882557 0.000000 -0.327176
v 0.882879 0.000000 -0.329647
v 0.887352 0.000000 -0.335733
v 0.890141 0.000000 -0.336649
v 0.904555 0.000000 -0.332212
v 0.908279 0.000000 -0.341646
v 0.906729 0.000000 -0.359295
v 0.906838 0.000000 -0.360286
v 0.911331 0.000000 -0.374360
v 0.905060 0.000000 -0.387221
v 0.905268 0.000000 -0.389806
v 0.915283 0.000000 -0.403934
v 0.905699 0.000000 -0.423381
v 0.905471 0.000000 -0.424917
v 0.906690 0.000000 -0.432513
v 1.148299 0.100000 -0.284281
v 1.137412 0.100000 -0.277078
v 1.122361 0.100000 -0.278198
v 1.109712 0.100000 -0.272916
v 1.099465 0.100000 -0.271475
v 1.099238 0.100000 -0.271494
v 1.098608 0.100000 -0.271544
v 1.097654 0.100000 -0.271620
v 1.096452 0.100000 -0.271712
v 1.095082 0.100000 -0.271813
v 1.093621 0.100000 -0.271915
v 1.092146 0.100000 -0.272010
v 1.090736 0.100000 -0.272091
v 1.089468 0.100000 -0.272150
v 1.088420 0.100000 -0.272179
v 1.087670 0.100000 -0.272170
v 1.087296 0.100000 -0.272115
v 1.086998 0.100000 -0.271975
v 1.086457 0.100000 -0.271731
v 1.085726 0.100000 -0.271405
v 1.084853 0.100000 -0.271018
v 1.083892 0.100000 -0.270594
v 1.082893 0.100000 -0.270154
v 1.081908 0.100000 -0.269721
v 1.080987 0.100000 -0.269317
v 1.080182 0.100000 -0.268963
v 1.079543 0.100000 -0.268684
v 1.079122 0.100000 -0.268499
v 1.078971 0.100000 -0.268433
v 1.078877 0.100000 -0.268531
v 1.078612 0.100000 -0.268808
v 1.078200 0.100000 -0.269239
v 1.077666 0.100000 -0.269797
v 1.077034 0.100000 -0.270457
v 1.076329 0.100000 -0.271194
v 1.075575 0.100000 -0.271983
v 1.074796 0.100000 -0.272797
v 1.074017 0.100000 -0.273611
v 1.073263 0.100000 -0.274399
v 1.072558 0.100000 -0.275136
v 1.071926 0.100000 -0.275797
v 1.063920 0.100000 -0.275156
v 1.059597 0.100000 -0.283160
v 1.050631 0.100000 -0.278838
v 1.049190 0.100000 -0.271315
v 1.039743 0.100000 -0.274196
v 1.033499 0.100000 -0.274836
v 1.027895 0.100000 -0.271155
v 1.028215 0.100000 -0.263631
v 1.025493 0.100000 -0.258028
v 1.032058 0.100000 -0.248744
v 1.043426 0.100000 -0.250184
v 1.055114 0.100000 -0.244581
v 1.064401 0.100000 -0.234497
v 1.069844 0.100000 -0.234337
v 1.082814 0.100000 -0.223291
v 1.093381 0.100000 -0.224892
v 1.102507 0.100000 -0.220570
v 1.104108 0.100000 -0.212246
v 1.110833 0.100000 -0.206804
v 1.121400 0.100000 -0.203762
v 1.128445 0.100000 -0.203762
v 1.133088 0.100000 -0.201041
v 1.133889 0.100000 -0.211446
v 1.142695 0.100000 -0.219769
v 1.139173 0.100000 -0.233056
v 1.133088 0.100000 -0.233856
v 1.132448 0.100000 -0.245862
v 1.134690 0.100000 -0.253226
v 1.139653 0.100000 -0.257708
v 1.141094 0.100000 -0.263471
v 1.147338 0.100000 -0.270195
v 1.152302 0.100000 -0.283000
v 1.012614 0.100000 -0.772018
v 0.996402 0.100000 -0.765046
v 0.995297 0.100000 -0.764858
v 0.974083 0.100000 -0.765739
v 0.969912 0.100000 -0.754344
v 0.969912 0.100000 -0.754339
v 0.966935 0.100000 -0.752749
v 0.947330 0.100000 -0.757449
v 0.947330 0.100000 -0.744667
v 0.947330 0.100000 -0.744663
v 0.946647 0.100000 -0.744034
v 0.944601 0.100000 -0.742122
v 0.932842 0.100000 -0.743073
v 0.936547 0.100000 -0.734803
v 0.936547 0.100000 -0.734797
v 0.936607 0.100000 -0.732911
v 0.933273 0.100000 -0.723645
v 0.928989 0.100000 -0.722823
v 0.928968 0.100000 -0.722843
v 0.922826 0.100000 -0.729801
v 0.906912 0.100000 -0.728360
v 0.904237 0.100000 -0.730232
v 0.904237 0.100000 -0.730237
v 0.902216 0.100000 -0.737794
v 0.899071 0.100000 -0.737566
v 0.898154 0.100000 -0.737502
v 0.896941 0.100000 -0.723671
v 0.896915 0.100000 -0.723374
v 0.896915 0.100000 -0.723368
v 0.896133 0.100000 -0.721764
v 0.896128 0.100000 -0.721759
v 0.887276 0.100000 -0.713375
v 0.888753 0.100000 -0.699880
v 0.884617 0.100000 -0.697637
v 0.875369 0.100000 -0.705308
v 0.874547 0.100000 -0.707928
v 0.874547 0.100000 -0.707932
v 0.876211 0.100000 -0.714014
v 0.866924 0.100000 -0.718674
v 0.866463 0.100000 -0.719011
v 0.866310 0.100000 -0.719120
v 0.864388 0.100000 -0.720962
v 0.860787 0.100000 -0.724404
v 0.860019 0.100000 -0.726048
v 0.859400 0.100000 -0.733907
v 0.850786 0.100000 -0.726756
v 0.850618 0.100000 -0.714856
v 0.849984 0.100000 -0.713207
v 0.840063 0.100000 -0.701995
v 0.838116 0.100000 -0.701133
v 0.806698 0.100000 -0.701762
v 0.799476 0.100000 -0.692546
v 0.799476 0.100000 -0.692541
v 0.810631 0.100000 -0.679388
v 0.810631 0.100000 -0.679383
v 0.811230 0.100000 -0.677665
v 0.811230 0.100000 -0.677660
v 0.810913 0.100000 -0.667107
v 0.809452 0.100000 -0.664883
v 0.809452 0.100000 -0.664878
v 0.791070 0.100000 -0.656266
v 0.793839 0.100000 -0.648615
v 0.806980 0.100000 -0.639147
v 0.807619 0.100000 -0.635700
v 0.800373 0.100000 -0.624528
v 0.800635 0.100000 -0.615713
v 0.814489 0.100000 -0.606091
v 0.831489 0.100000 -0.607908
v 0.834238 0.100000 -0.604858
v 0.834238 0.100000 -0.604853
v 0.830552 0.100000 -0.587748
v 0.843748 0.100000 -0.590105
v 0.854982 0.100000 -0.605903
v 0.855467 0.100000 -0.606408
v 0.870500 0.100000 -0.618575
v 0.872149 0.100000 -0.619135
v 0.888490 0.100000 -0.618813
v 0.889372 0.100000 -0.618630
v 0.903786 0.100000 -0.612865
v 0.904761 0.100000 -0.612172
v 0.914252 0.100000 -0.601208
v 0.926872 0.100000 -0.601208
v 0.928254 0.100000 -0.600792
v 0.937542 0.100000 -0.594711
v 0.938666 0.100000 -0.592839
v 0.939954 0.100000 -0.580038
v 0.939954 0.100000 -0.579998
v 0.941153 0.100000 -0.565607
v 0.949073 0.100000 -0.558268
v 0.949895 0.100000 -0.556282
v 0.948999 0.100000 -0.537830
v 0.964200 0.100000 -0.527104
v 0.964893 0.100000 -0.526336
v 0.971110 0.100000 -0.516100
v 0.982601 0.100000 -0.505825
v 0.993929 0.100000 -0.502155
v 0.995519 0.100000 -0.500659
v 1.000651 0.100000 -0.487556
v 1.005311 0.100000 -0.487556
v 1.007313 0.100000 -0.486566
v 1.018358 0.100000 -0.472398
v 1.031895 0.100000 -0.461369
v 1.032812 0.100000 -0.459779
v 1.033728 0.100000 -0.453772
v 1.033949 0.100000 -0.453788
v 1.034151 0.100000 -0.453802
v 1.034340 0.100000 -0.453814
v 1.034521 0.100000 -0.453827
v 1.034699 0.100000 -0.453839
v 1.034881 0.100000 -0.453851
v 1.035071 0.100000 -0.453865
v 1.035276 0.100000 -0.453879
v 1.035501 0.100000 -0.453896
v 1.035750 0.100000 -0.453915
v 1.036031 0.100000 -0.453936
v 1.036348 0.100000 -0.453961
v 1.036667 0.100000 -0.453986
v 1.036986 0.100000 -0.454012
v 1.037304 0.100000 -0.454038
v 1.037621 0.100000 -0.454064
v 1.037935 0.100000 -0.454091
v 1.038246 0.100000 -0.454118
v 1.038552 0.100000 -0.454145
v 1.038853 0.100000 -0.454172
v 1.039147 0.100000 -0.454199
v 1.039433 0.100000 -0.454225
v 1.039711 0.100000 -0.454252
v 1.039979 0.100000 -0.454278
v 1.040241 0.100000 -0.454304
v 1.040498 0.100000 -0.454333
v 1.040745 0.100000 -0.454362
v 1.040979 0.100000 -0.454391
v 1.041195 0.100000 -0.454419
v 1.041389 0.100000 -0.454445
v 1.041556 0.100000 -0.454468
v 1.041693 0.100000 -0.454487
v 1.041795 0.100000 -0.454500
v 1.041859 0.100000 -0.454508
v 1.041879 0.100000 -0.454508
v 1.041851 0.100000 -0.454500
v 1.042079 0.100000 -0.454548
v 1.042296 0.100000 -0.454578
v 1.042504 0.100000 -0.454590
v 1.042701 0.100000 -0.454587
v 1.042887 0.100000 -0.454572
v 1.043063 0.100000 -0.454545
v 1.043229 0.100000 -0.454509
v 1.043383 0.100000 -0.454466
v 1.043527 0.100000 -0.454417
v 1.043660 0.100000 -0.454365
v 1.043782 0.100000 -0.454311
v 1.043892 0.100000 -0.454258
v 1.043994 0.100000 -0.454205
v 1.044089 0.100000 -0.454151
v 1.044179 0.100000 -0.454097
v 1.044264 0.100000 -0.454042
v 1.044344 0.100000 -0.453987
v 1.044420 0.100000 -0.453932
v 1.044492 0.100000 -0.453877
v 1.044561 0.100000 -0.453821
v 1.044627 0.100000 -0.453766
v 1.044691 0.100000 -0.453712
v 1.044753 0.100000 -0.453658
v 1.044813 0.100000 -0.453604
v 1.044931 0.100000 -0.453498
v 1.045043 0.100000 -0.453391
v 1.045152 0.100000 -0.453283
v 1.045258 0.100000 -0.453174
v 1.045360 0.100000 -0.453064
v 1.045460 0.100000 -0.452952
v 1.045559 0.100000 -0.452839
v 1.045656 0.100000 -0.452724
v 1.045753 0.100000 -0.452606
v 1.045850 0.100000 -0.452486
v 1.045948 0.100000 -0.452363
v 1.046047 0.100000 -0.452237
v 1.046246 0.100000 -0.451977
v 1.046447 0.100000 -0.451708
v 1.046649 0.100000 -0.451431
v 1.046852 0.100000 -0.451146
v 1.047055 0.100000 -0.450854
v 1.047259 0.100000 -0.450557
v 1.047462 0.100000 -0.450254
v 1.047665 0.100000 -0.449948
v 1.047867 0.100000 -0.449638
v 1.048067 0.100000 -0.449325
v 1.048266 0.100000 -0.449011
v 1.048464 0.100000 -0.448696
v 1.048720 0.100000 -0.448283
v 1.048951 0.100000 -0.447905
v 1.049160 0.100000 -0.447557
v 1.049351 0.100000 -0.447236
v 1.049525 0.100000 -0.446939
v 1.049684 0.100000 -0.446663
v 1.049832 0.100000 -0.446403
v 1.049971 0.100000 -0.446157
v 1.050103 0.100000 -0.445920
v 1.050231 0.100000 -0.445690
v 1.050357 0.100000 -0.445463
v 1.050485 0.100000 -0.445235
v 1.050632 0.100000 -0.445260
v 1.051049 0.100000 -0.445333
v 1.051697 0.100000 -0.445445
v 1.052536 0.100000 -0.445591
v 1.053530 0.100000 -0.445764
v 1.054640 0.100000 -0.445957
v 1.055826 0.100000 -0.446163
v 1.057051 0.100000 -0.446376
v 1.058275 0.100000 -0.446589
v 1.059462 0.100000 -0.446795
v 1.060571 0.100000 -0.446988
v 1.061565 0.100000 -0.447161
v 1.063323 0.100000 -0.446830
v 1.068232 0.100000 -0.443833
v 1.078134 0.100000 -0.445874
v 1.080679 0.100000 -0.444918
v 1.088357 0.100000 -0.434662
v 1.088728 0.100000 -0.433969
v 1.093018 0.100000 -0.421390
v 1.105525 0.100000 -0.419989
v 1.107734 0.100000 -0.417854
v 1.108913 0.100000 -0.410292
v 1.121306 0.100000 -0.413209
v 1.124094 0.100000 -0.411976
v 1.132406 0.100000 -0.397263
v 1.132331 0.100000 -0.394644
v 1.128904 0.100000 -0.389290
v 1.134541 0.100000 -0.388934
v 1.136131 0.100000 -0.388226
v 1.146785 0.100000 -0.377836
v 1.152060 0.100000 -0.383358
v 1.155938 0.100000 -0.383115
v 1.164904 0.100000 -0.370948
v 1.165404 0.100000 -0.369432
v 1.165404 0.100000 -0.357587
v 1.170125 0.100000 -0.348752
v 1.176375 0.100000 -0.340928
v 1.176905 0.100000 -0.338942
v 1.175088 0.100000 -0.327715
v 1.180947 0.100000 -0.310719
v 1.179115 0.100000 -0.307406
v 1.170897 0.100000 -0.305589
v 1.166984 0.100000 -0.303083
v 1.170372 0.100000 -0.299879
v 1.171026 0.100000 -0.297185
v 1.167504 0.100000 -0.287266
v 1.166380 0.100000 -0.285919
v 1.159529 0.100000 -0.281932
v 1.156701 0.100000 -0.273172
v 1.160649 0.100000 -0.267596
v 1.173275 0.100000 -0.267596
v 1.172824 0.100000 -0.274182
v 1.173275 0.100000 -0.275792
v 1.179035 0.100000 -0.284121
v 1.179565 0.100000 -0.284686
v 1.192181 0.100000 -0.294417
v 1.189318 0.100000 -0.301939
v 1.189298 0.100000 -0.303682
v 1.192181 0.100000 -0.311992
v 1.192815 0.100000 -0.313002
v 1.200175 0.100000 -0.320039
v 1.201671 0.100000 -0.320733
v 1.214460 0.100000 -0.322045
v 1.212925 0.100000 -0.328161
v 1.212885 0.100000 -0.329211
v 1.214044 0.100000 -0.335876
v 1.209760 0.100000 -0.346732
v 1.201542 0.100000 -0.353021
v 1.192646 0.100000 -0.351877
v 1.190046 0.100000 -0.353298
v 1.186529 0.100000 -0.360657
v 1.186658 0.100000 -0.363108
v 1.192349 0.100000 -0.372092
v 1.192349 0.100000 -0.378401
v 1.192706 0.100000 -0.379688
v 1.202627 0.100000 -0.396649
v 1.202944 0.100000 -0.397080
v 1.209666 0.100000 -0.404434
v 1.212003 0.100000 -0.405221
v 1.220657 0.100000 -0.403627
v 1.222078 0.100000 -0.402825
v 1.229662 0.100000 -0.394361
v 1.247127 0.100000 -0.394064
v 1.249019 0.100000 -0.393168
v 1.256374 0.100000 -0.384521
v 1.256880 0.100000 -0.382144
v 1.254710 0.100000 -0.375108
v 1.258658 0.100000 -0.370239
v 1.265414 0.100000 -0.369452
v 1.265062 0.100000 -0.373364
v 1.265736 0.100000 -0.375330
v 1.269797 0.100000 -0.379673
v 1.269272 0.100000 -0.389162
v 1.252085 0.100000 -0.400616
v 1.250980 0.100000 -0.402414
v 1.250198 0.100000 -0.408648
v 1.223688 0.100000 -0.419934
v 1.222901 0.100000 -0.420439
v 1.211161 0.100000 -0.431874
v 1.191864 0.100000 -0.438104
v 1.191279 0.100000 -0.438366
v 1.177747 0.100000 -0.446998
v 1.169416 0.100000 -0.447597
v 1.167261 0.100000 -0.449093
v 1.162788 0.100000 -0.459348
v 1.163705 0.100000 -0.462473
v 1.171907 0.100000 -0.467941
v 1.175221 0.100000 -0.473145
v 1.172279 0.100000 -0.477523
v 1.166290 0.100000 -0.478271
v 1.153372 0.100000 -0.474264
v 1.152397 0.100000 -0.474170
v 1.134783 0.100000 -0.475760
v 1.133584 0.100000 -0.476191
v 1.111493 0.100000 -0.491241
v 1.111156 0.100000 -0.491523
v 1.090977 0.100000 -0.511044
v 1.090526 0.100000 -0.511604
v 1.082532 0.100000 -0.525697
v 1.082269 0.100000 -0.526371
v 1.079069 0.100000 -0.540148
v 1.079049 0.100000 -0.540222
v 1.075270 0.100000 -0.559070
v 1.068603 0.100000 -0.571817
v 1.056586 0.100000 -0.574754
v 1.055293 0.100000 -0.575521
v 1.042806 0.100000 -0.589561
v 1.036367 0.100000 -0.590383
v 1.035000 0.100000 -0.591027
v 1.020586 0.100000 -0.604165
v 1.019833 0.100000 -0.605402
v 1.013117 0.100000 -0.631654
v 1.013696 0.100000 -0.634001
v 1.020230 0.100000 -0.641113
v 1.021275 0.100000 -0.647813
v 1.016728 0.100000 -0.647996
v 1.014350 0.100000 -0.650953
v 1.016391 0.100000 -0.662912
v 1.011076 0.100000 -0.669053
v 1.011131 0.100000 -0.672420
v 1.025228 0.100000 -0.687787
v 1.028878 0.100000 -0.687866
v 1.033167 0.100000 -0.683602
v 1.052559 0.100000 -0.696815
v 1.053570 0.100000 -0.697226
v 1.070886 0.100000 -0.700167
v 1.072541 0.100000 -0.705817
v 1.072704 0.100000 -0.706377
v 1.065517 0.100000 -0.709338
v 1.064784 0.100000 -0.713588
v 1.071466 0.100000 -0.719575
v 1.062971 0.100000 -0.724551
v 1.062971 0.100000 -0.724557
v 1.062857 0.100000 -0.728860
v 1.075473 0.100000 -0.737076
v 1.075473 0.100000 -0.739621
v 1.026050 0.100000 -0.747614
v 1.024594 0.100000 -0.748381
v 1.012424 0.100000 -0.761520
v 1.011770 0.100000 -0.763486
v 0.891899 0.100000 -0.436089
v 0.884598 0.100000 -0.427650
v 0.884301 0.100000 -0.427368
v 0.872448 0.100000 -0.417449
v 0.870952 0.100000 -0.416849
v 0.853541 0.100000 -0.415988
v 0.851971 0.100000 -0.410728
v 0.860208 0.100000 -0.404419
v 0.860917 0.100000 -0.403578
v 0.867004 0.100000 -0.391732
v 0.867207 0.100000 -0.389974
v 0.862938 0.100000 -0.372602
v 0.869174 0.100000 -0.370205
v 0.870615 0.100000 -0.366892
v 0.864028 0.100000 -0.350575
v 0.862229 0.100000 -0.333916
v 0.869099 0.100000 -0.323620
v 0.879001 0.100000 -0.317742
v 0.884712 0.100000 -0.321956
v 0.882557 0.100000 -0.327176
v 0.882879 0.100000 -0.329647
v 0.887352 0.100000 -0.335733
v 0.890141 0.100000 -0.336649
v 0.904555 0.100000 -0.332212
v 0.908279 0.100000 -0.341646
v 0.906729 0.100000 -0.359295
v 0.906838 0.100000 -0.360286
v 0.911331 0.100000 -0.374360
v 0.905060 0.100000 -0.387221
v 0.905268 0.100000 -0.389806
v 0.915283 0.100000 -0.403934
v 0.905699 0.100000 -0.423381
v 0.905471 0.100000 -0.424917
v 0.906690 0.100000 -0.432513
vn -0.3048 0.0000 0.9524
vn -1.0000 0.0000 0.0000
vn 0.6869 0.0000 0.7267
vn 0.8470 0.0000 0.5316
vn -0.9582 0.0000 -0.2861
vn 0.5904 0.0000 -0.8071
vn -0.8343 0.0000 0.5513
vn 1.0000 0.0000 0.0000
vn 0.0186 0.0000 0.9998
vn -0.8300 0.0000 0.5578
vn 0.9805 0.0000 -0.1966
vn 0.9301 0.0000 0.3672
vn 0.0697 0.0000 -0.9976
vn -0.5491 0.0000 -0.8358
vn -0.5704 0.0000 0.8213
vn -0.4323 0.0000 0.9017
vn -0.0836 0.0000 0.9965
vn -0.2881 0.0000 0.9576
vn 0.0274 0.0000 -0.9996
vn -0.8162 0.0000 0.5778
vn 0.9526 0.0000 0.3041
vn -0.4044 0.0000 0.9146
vn 0.5734 0.0000 -0.8193
vn -0.9950 0.0000 0.1001
vn -0.7033 0.0000 0.7109
vn 0.2018 0.0000 0.9794
vn -0.4030 0.0000 -0.9152
vn 0.9986 0.0000 0.0525
vn -0.8357 0.0000 -0.5492
vn -0.0631 0.0000 0.9980
vn 0.1240 0.0000 0.9923
vn -0.4915 0.0000 0.8709
vn -0.7677 0.0000 -0.6408
vn 0.6736 0.0000 -0.7391
vn 0.1347 0.0000 0.9909
vn 0.9997 0.0000 -0.0264
vn 0.6424 0.0000 -0.7664
vn 0.9541 0.0000 -0.2995
vn -0.6258 0.0000 0.7800
vn 0.0217 0.0000 0.9998
vn 0.9960 0.0000 -0.0895
vn -0.8083 0.0000 0.5888
vn 0.0688 0.0000 0.9976
vn 0.0687 0.0000 0.9976
vn 0.9317 0.0000 -0.3633
vn -0.9454 0.0000 0.3259
vn -0.8715 0.0000 0.4904
vn -0.9781 0.0000 0.2079
vn -0.8894 0.0000 0.4571
vn -0.9711 0.0000 -0.2387
vn 0.7224 0.0000 -0.6915
vn 0.3213 0.0000 0.9470
vn -0.9311 0.0000 0.3646
vn -0.8820 0.0000 0.4713
vn 0.0848 0.0000 0.9964
vn 0.9916 0.0000 0.1292
vn 0.9968 0.0000 0.0802
vn 0.0000 0.0000 1.0000
vn 0.9661 0.0000 -0.2583
vn -0.8630 0.0000 0.5051
vn -0.7617 0.0000 0.6480
vn -0.5886 0.0000 0.8084
vn 0.7226 0.0000 -0.6913
vn -0.9424 0.0000 -0.3346
vn -0.8051 0.0000 0.5932
vn -0.3951 0.0000 -0.9186
vn 0.0200 0.0000 -0.9998
vn 0.9596 0.0000 0.2814
vn 0.8158 0.0000 0.5783
vn -0.4013 0.0000 -0.9159
vn -0.8728 0.0000 0.4881
vn 0.0679 0.0000 0.9977
vn 0.0863 0.0000 0.9963
vn 0.7327 0.0000 0.6805
vn 0.1714 0.0000 0.9852
vn -0.1678 0.0000 -0.9858
vn -0.6484 0.0000 0.7613
vn -0.8547 0.0000 0.5191
vn -0.1275 0.0000 -0.9918
vn -0.9942 0.0000 -0.1073
vn -0.9442 0.0000 0.3293
vn -0.7720 0.0000 0.6356
vn -0.4242 0.0000 -0.9055
vn -0.8380 0.0000 0.5457
vn -0.1157 0.0000 0.9933
vn -0.9832 0.0000 0.1823
vn 0.4096 0.0000 -0.9123
vn 0.0803 0.0000 0.9968
vn -0.8011 0.0000 0.5985
vn -0.7784 0.0000 0.6278
vn 0.1713 0.0000 0.9852
vn 0.0646 0.0000 -0.9979
vn 0.9061 0.0000 -0.4231
vn 0.8544 0.0000 -0.5196
vn 0.0742 0.0000 -0.9972
vn -0.5393 0.0000 -0.8421
vn 0.0963 0.0000 0.9954
vn -0.1884 0.0000 -0.9821
vn -0.8005 0.0000 0.5993
vn 0.9999 0.0000 -0.0116
vn 0.0415 0.0000 -0.9991
vn -0.7050 0.0000 0.7092
vn -0.7420 0.0000 0.6704
vn -0.9941 0.0000 0.1087
vn -0.1114 0.0000 0.9938
vn -0.0294 0.0000 0.9996
vn 0.7364 0.0000 0.6765
vn -0.9239 0.0000 0.3825
vn 0.2063 0.0000 0.9785
vn -0.8502 0.0000 0.5264
vn 0.7071 0.0000 -0.7071
vn -0.2696 0.0000 0.9630
vn 0.8435 0.0000 0.5371
vn -0.6852 0.0000 0.7284
vn 0.7225 0.0000 -0.6913
vn -0.8255 0.0000 0.5643
vn 0.4796 0.0000 -0.8775
vn -0.9991 0.0000 0.0425
vn -0.9334 0.0000 -0.3588
vn 0.9922 0.0000 -0.1245
vn 0.9166 0.0000 -0.3998
vn -0.5669 0.0000 0.8238
vn -0.9776 0.0000 -0.2106
vn -0.8731 0.0000 0.4875
vn -0.4342 0.0000 -0.9008
vn -0.8662 0.0000 0.4997
vn -0.9964 0.0000 -0.0852
vn 0.0788 0.0000 -0.9969
vn 0.0819 0.0000 0.9966
vn 0.9881 0.0000 0.1541
vn -0.5792 0.0000 0.8152
vn 0.1266 0.0000 -0.9919
vn 0.0693 0.0000 0.9976
vn -0.9170 0.0000 0.3990
vn -0.6587 0.0000 0.7524
vn 0.7291 0.0000 0.6844
vn -0.4011 0.0000 -0.9161
vn -0.0625 0.0000 0.9980
vn 0.0925 0.0000 0.9957
vn 0.9854 0.0000 -0.1700
vn 0.0678 0.0000 0.9977
vn -0.8415 0.0000 0.5403
vn -0.3854 0.0000 -0.9228
vn -0.8566 0.0000 0.5160
vn 0.9986 0.0000 -0.0533
vn 0.1257 0.0000 0.9921
vn 0.7497 0.0000 -0.6618
vn 0.8861 0.0000 -0.4635
vn -0.9820 0.0000 0.1889
vn 0.8447 0.0000 0.5352
vn 0.0899 0.0000 -0.9960
vn 0.9852 0.0000 0.1713
vn -0.5105 0.0000 0.8599
vn -0.6880 0.0000 0.7257
vn 0.9985 0.0000 -0.0553
vn 0.1063 0.0000 0.9943
vn -0.9934 0.0000 0.1148
vn 0.3810 0.0000 -0.9246
vn -0.3515 0.0000 0.9362
vn 0.2291 0.0000 0.9734
vn -0.5056 0.0000 0.8628
vn 0.8970 0.0000 -0.4421
vn -0.7429 0.0000 0.6694
vn -0.7652 0.0000 0.6438
vn -0.0494 0.0000 -0.9988
vn -0.1812 0.0000 0.9834
vn 0.4205 0.0000 0.9073
vn -0.6797 0.0000 0.7335
vn 0.6384 0.0000 -0.7697
vn -0.7317 0.0000 0.6816
vn -0.5765 0.0000 0.8171
vn -0.4281 0.0000 0.9037
vn 0.0712 0.0000 0.9975
vn -0.3651 0.0000 0.9310
vn 0.3192 0.0000 0.9477
vn 0.1169 0.0000 0.9931
vn 0.6909 0.0000 -0.7229
vn -0.9999 0.0000 -0.0142
vn 0.1596 0.0000 -0.9872
vn -0.5478 0.0000 0.8366
vn 0.1314 0.0000 0.9913
vn 0.0788 0.0000 0.9969
vn -0.2962 0.0000 -0.9551
vn 0.9448 0.0000 0.3278
vn 0.1283 0.0000 0.9917
vn -0.8390 0.0000 -0.5442
vn 0.3072 0.0000 -0.9516
vn -0.3718 0.0000 -0.9283
vn 0.1712 0.0000 0.9852
vn 0.9489 0.0000 -0.3156
vn 0.9741 0.0000 -0.2262
vn -0.9871 0.0000 -0.1598
vn -0.8995 0.0000 -0.4370
vn -0.7767 0.0000 0.6298
vn 0.9688 0.0000 -0.2479
vn -0.8318 0.0000 0.5551
vn -0.8204 0.0000 0.5718
vn -0.8422 0.0000 -0.5392
vn -0.6877 0.0000 -0.7260
vn 0.2331 0.0000 -0.9724
vn -0.8446 0.0000 0.5354
vn -0.4116 0.0000 -0.9114
vn 0.0573 0.0000 -0.9984
vn -0.6770 0.0000 -0.7359
vn -0.2160 0.0000 -0.9764
vn -0.8573 0.0000 0.5149
vn -0.6504 0.0000 0.7596
vn -0.8533 0.0000 0.5214
vn -0.4619 0.0000 0.8869
vn 0.9567 0.0000 0.2912
vn -0.8739 0.0000 0.4861
vn -0.0958 0.0000 -0.9954
vn -0.6854 0.0000 -0.7282
vn 0.9637 0.0000 0.2669
vn -0.4024 0.0000 -0.9155
vn -0.7636 0.0000 0.6456
vn -0.9962 0.0000 -0.0874
vn 0.8058 0.0000 0.5922
vn 0.5938 0.0000 0.8046
vn 0.8799 0.0000 -0.4752
vn -0.3210 0.0000 0.9471
vn 0.0764 0.0000 -0.9971
vn -0.1853 0.0000 0.9827
vn -0.7561 0.0000 0.6545
vn -0.9391 0.0000 -0.3437
vn -0.9465 0.0000 0.3228
vn 0.9977 0.0000 -0.0683
vn 0.5631 0.0000 0.8264
vn 0.9598 0.0000 0.2806
vn 0.9962 0.0000 -0.0875
vn -0.0122 0.0000 -0.9999
vn 0.9666 0.0000 -0.2563
vn 0.1759 0.0000 0.9844
vn -0.9556 0.0000 -0.2946
vn 0.7231 0.0000 0.6908
vn -0.9718 0.0000 0.2359
vn 0.7561 0.0000 -0.6544
vn -0.5422 0.0000 0.8403
vn 0.5702 0.0000 -0.8215
vn 0.6920 0.0000 -0.7219
vn -0.6388 0.0000 -0.7694
vn -0.8165 0.0000 0.5773
vn -0.4038 0.0000 0.9149
vn 0.3121 0.0000 0.9501
vn -0.6982 0.0000 0.7159
vn -0.4073 0.0000 -0.9133
vn -0.4009 0.0000 -0.9161
vn 0.0942 0.0000 0.9956
vn 0.1107 0.0000 0.9938
vn 0.9642 0.0000 -0.2651
vn -0.7356 0.0000 0.6774
vn -0.9996 0.0000 0.0298
vn -0.1392 0.0000 -0.9903
vn 0.9023 0.0000 -0.4312
vn 0.6108 0.0000 0.7918
vn 0.0403 0.0000 -0.9992
vn 0.4261 0.0000 -0.9047
vn -0.8146 0.0000 0.5800
vn 0.7304 0.0000 0.6830
vn -0.6418 0.0000 -0.7669
vn 0.9999 0.0000 0.0162
vn 0.0775 0.0000 0.9970
vn -0.6949 0.0000 0.7191
vn 0.9597 0.0000 0.2810
vn -0.0197 0.0000 0.9998
vn 0.9971 0.0000 0.0767
vn -0.7931 0.0000 0.6092
vn -0.0902 0.0000 -0.9959
vn -0.8598 0.0000 0.5107
vn 0.1239 0.0000 -0.9923
vn 0.1020 0.0000 -0.9948
vn 0.3768 0.0000 0.9263
vn 0.9460 0.0000 0.3242
vn 0.9701 0.0000 0.2426
vn 0.1304 0.0000 -0.9915
vn 0.9324 0.0000 0.3614
vn 0.9892 0.0000 -0.1467
vn 0.6953 0.0000 -0.7187
vn 0.5630 0.0000 -0.8264
vn -0.3082 0.0000 0.9513
vn -0.7886 0.0000 0.6148
vn 0.0717 0.0000 -0.9974
vn 0.6910 0.0000 0.7228
vn -0.7863 0.0000 0.6179
vn 0.1331 0.0000 0.9911
vn -0.8814 0.0000 0.4723
vn 0.8632 0.0000 0.5049
vn -0.7182 0.0000 0.6958
vn -0.0701 0.0000 -0.9975
vn 0.2374 0.0000 -0.9714
vn 0.6978 0.0000 -0.7163
vn 0.5055 0.0000 -0.8628
vn -0.8988 0.0000 -0.4384
vn 0.0698 0.0000 0.9976
vn -0.9886 0.0000 0.1508
vn -0.4280 0.0000 0.9038
vn 0.0592 0.0000 0.9982
vn -0.0132 0.0000 0.9999
vn 0.7790 0.0000 -0.6271
vn -0.2127 0.0000 0.9771
vn -0.5210 0.0000 0.8535
vn -0.9988 0.0000 -0.0485
vn -0.9995 0.0000 0.0314
vn 0.9302 0.0000 -0.3671
vn -0.9951 0.0000 -0.0984
vn -0.1506 0.0000 0.9886
vn 0.0820 0.0000 -0.9966
vn 0.9874 0.0000 0.1584
vn -0.6828 0.0000 -0.7306
vn 0.0894 0.0000 0.9960
vn 0.4485 0.0000 -0.8938
vn -0.7627 0.0000 0.6468
vn -0.4436 0.0000 0.8962
vn 0.1021 0.0000 0.9948
vn 0.5399 0.0000 -0.8417
vn -0.9965 0.0000 0.0830
vn -0.5167 0.0000 0.8562
vn 0.5457 0.0000 0.8380
vn -0.9403 0.0000 0.3403
vn 0.7336 0.0000 -0.6796
vn -0.3587 0.0000 0.9334
vn 0.9940 0.0000 0.1094
vn -0.0170 0.0000 0.9999
vn -0.4351 0.0000 0.9004
vn 0.1322 0.0000 0.9912
vn 0.9243 0.0000 -0.3816
vn -0.6718 0.0000 0.7407
vn -0.2766 0.0000 0.9610
vn -0.0722 0.0000 -0.9974
vn 0.0735 0.0000 -0.9973
vn -0.9496 0.0000 0.3135
vn -0.7871 0.0000 -0.6168
vn -0.4019 0.0000 -0.9157
vn 0.5105 0.0000 -0.8599
vn 0.8989 0.0000 -0.4383
vn 0.9699 0.0000 -0.2435
vn -0.4047 0.0000 -0.9144
vn -0.6081 0.0000 0.7939
vn -0.9996 0.0000 -0.0284
vn 0.1178 0.0000 0.9930
vn 0.7793 0.0000 -0.6267
vn 0.9993 0.0000 -0.0377
vn -0.7547 0.0000 0.6561
vn -0.1446 0.0000 -0.9895
vn -0.8472 0.0000 0.5313
vn 0.5789 0.0000 -0.8154
vn 0.8149 0.0000 0.5795
vn 0.6702 0.0000 0.7422
vn -0.5030 0.0000 -0.8643
vn 0.0878 0.0000 0.9961
vn -0.2942 0.0000 0.9557
vn 0.5378 0.0000 -0.8431
vn -0.6392 0.0000 0.7691
vn 0.9630 0.0000 0.2697
vn -0.9995 0.0000 -0.0300
vn -0.9516 0.0000 -0.3072
vn -0.9881 0.0000 0.1540
vn 0.9708 0.0000 0.2397
vn 0.0806 0.0000 -0.9967
vn 0.0463 0.0000 -0.9989
vn 0.0746 0.0000 0.9972
vn -0.8707 0.0000 0.4919
vn -0.4768 0.0000 -0.8790
vn 0.7381 0.0000 0.6747
vn 0.7472 0.0000 -0.6646
vn 0.8300 0.0000 -0.5578
vn -0.7489 0.0000 -0.6627
vn 0.8520 0.0000 -0.5235
vn -0.4898 0.0000 0.8718
vn 0.9858 0.0000 0.1682
vn 0.7369 0.0000 0.6760
vn -0.5518 0.0000 -0.8340
vn -0.2036 0.0000 0.9791
vn -0.6871 0.0000 0.7265
vn 0.9969 0.0000 -0.0785
vn 0.9346 0.0000 -0.3557
vn -0.7439 0.0000 0.6683
vn -0.2350 0.0000 0.9720
vn 0.2917 0.0000 -0.9565
vn 0.6078 0.0000 -0.7941
vn -0.5846 0.0000 0.8113
vn -0.8691 0.0000 0.4946
vn 0.1498 0.0000 0.9887
vn 0.8698 0.0000 -0.4934
vn 0.8055 0.0000 0.5926
vn -0.6887 0.0000 -0.7250
vn 0.6291 0.0000 0.7773
vn 0.5546 0.0000 0.8321
vn 0.0909 0.0000 0.9959
vn -0.6316 0.0000 0.7753
vn 0.3382 0.0000 -0.9411
vn 0.8225 0.0000 0.5688
vn -0.4051 0.0000 -0.9143
vn -0.9410 0.0000 -0.3385
vn 0.0762 0.0000 0.9971
vn -0.7813 0.0000 0.6242
vn 0.9645 0.0000 0.2640
vn -0.6666 0.0000 0.7454
vn -0.7562 0.0000 -0.6543
vn 0.6673 0.0000 0.7448
vn -0.7448 0.0000 0.6673
vn -0.4016 0.0000 -0.9158
vn -0.0797 0.0000 -0.9968
vn -0.4039 0.0000 -0.9148
vn 0.5546 0.0000 -0.8321
vn -0.8664 0.0000 0.4993
vn -0.6082 0.0000 0.7937
vn -0.2682 0.0000 -0.9634
vn -0.9662 0.0000 0.2579
vn -0.4711 0.0000 -0.8821
vn 0.1675 0.0000 0.9859
vn -0.8750 0.0000 -0.4841
vn -0.9822 0.0000 -0.1881
vn -0.3713 0.0000 0.9285
vn 0.1340 0.0000 0.9910
vn 0.3917 0.0000 -0.9201
vn 0.4663 0.0000 -0.8846
vn 0.7226 0.0000 -0.6912
vn -0.9273 0.0000 -0.3744
vn -0.7833 0.0000 0.6217
vn -0.6291 0.0000 0.7773
vn 0.7211 0.0000 0.6928
vn 0.0731 0.0000 0.9973
vn 0.1019 0.0000 0.9948
vn -0.9126 0.0000 0.4089
vn -0.4068 0.0000 0.9135
vn -0.6626 0.0000 0.7490
vn 0.0834 0.0000 0.9965
vn -0.8342 0.0000 0.5514
vn 0.0223 0.0000 0.9998
vn -0.8300 0.0000 0.5577
vn -0.7037 0.0000 0.7105
vn 0.1237 0.0000 0.9923
vn 0.1342 0.0000 0.9910
vn -0.6253 0.0000 0.7804
vn 0.0684 0.0000 0.9977
vn -0.8714 0.0000 0.4905
vn 0.0850 0.0000 0.9964
vn -0.8631 0.0000 0.5050
vn -0.5875 0.0000 0.8092
vn -0.4013 0.0000 -0.9160
vn -0.1680 0.0000 -0.9858
vn -0.7716 0.0000 0.6361
vn -0.4242 0.0000 -0.9056
vn -0.8381 0.0000 0.5456
vn 0.4097 0.0000 -0.9122
vn 0.0805 0.0000 0.9968
vn 0.0645 0.0000 -0.9979
vn -0.9239 0.0000 0.3826
vn -0.8503 0.0000 0.5264
vn -0.8255 0.0000 0.5644
vn -0.5659 0.0000 0.8245
vn -0.9964 0.0000 -0.0851
vn 0.0696 0.0000 0.9976
vn -0.0624 0.0000 0.9980
vn 0.0674 0.0000 0.9977
vn -0.8414 0.0000 0.5404
vn -0.6883 0.0000 0.7255
vn 0.0715 0.0000 0.9974
vn -0.3655 0.0000 0.9308
vn 0.6910 0.0000 -0.7229
vn 0.0790 0.0000 0.9969
vn 0.1287 0.0000 0.9917
vn -0.7767 0.0000 0.6299
vn -0.8447 0.0000 0.5353
vn -0.6771 0.0000 -0.7359
vn -0.6509 0.0000 0.7591
vn -0.4624 0.0000 0.8866
vn -0.8739 0.0000 0.4860
vn -0.3206 0.0000 0.9472
vn -0.0121 0.0000 -0.9999
vn 0.0681 0.0000 0.9977
vn 0.0940 0.0000 0.9956
vn 0.9643 0.0000 -0.2649
vn -0.8146 0.0000 0.5801
vn -0.8598 0.0000 0.5106
vn -0.8815 0.0000 0.4722
vn 0.0702 0.0000 0.9975
vn 0.0596 0.0000 0.9982
vn -0.0136 0.0000 0.9999
vn 0.7790 0.0000 -0.6270
vn -0.5210 0.0000 0.8536
vn 0.0891 0.0000 0.9960
vn -0.8738 0.0000 0.4862
vn -0.4346 0.0000 0.9006
vn -0.4020 0.0000 -0.9157
vn -0.8471 0.0000 0.5314
vn 0.8150 0.0000 0.5795
vn -0.6397 0.0000 0.7686
vn 0.0807 0.0000 -0.9967
vn -0.2035 0.0000 0.9791
vn -0.7437 0.0000 0.6685
vn -0.8690 0.0000 0.4948
vn 0.8055 0.0000 0.5927
vn -0.4052 0.0000 -0.9142
vn -0.4015 0.0000 -0.9159
vn -0.8664 0.0000 0.4994
vn -0.6072 0.0000 0.7945
vn -0.2657 0.0000 -0.9640
vn 0.1344 0.0000 0.9909
vn 0.4662 0.0000 -0.8847
vn -0.7835 0.0000 0.6214
vn -0.9126 0.0000 0.4088
vn -0.6631 0.0000 0.7485
s off
f 73//1 468//1 1//1
f 83//2 549//2 82//2
f 65//3 531//3 64//3
f 333//4 799//4 332//4
f 440//5 906//5 439//5
f 113//6 579//6 112//6
f 257//7 723//7 256//7
f 96//8 562//8 95//8
f 212//9 678//9 211//9
f 256//10 722//10 255//10
f 429//8 895//8 428//8
f 396//11 862//11 395//11
f 458//12 924//12 457//12
f 11//13 477//13 10//13
f 48//14 514//14 47//14
f 140//15 606//15 139//15
f 126//2 592//2 125//2
f 53//16 519//16 52//16
f 218//17 684//17 217//17
f 156//18 622//18 155//18
f 15//19 481//19 14//19
f 323//20 789//20 322//20
f 461//21 927//21 460//21
f 297//22 763//22 296//22
f 95//23 561//23 94//23
f 159//24 625//24 158//24
f 240//25 706//25 239//25
f 288//26 754//26 287//26
f 23//27 489//27 22//27
f 345//28 811//28 344//28
f 132//29 598//29 131//29
f 301//30 767//30 300//30
f 205//31 671//31 204//31
f 354//32 820//32 353//32
f 320//33 786//33 319//33
f 403//34 869//34 402//34
f 209//35 675//35 208//35
f 427//36 893//36 426//36
f 389//37 855//37 388//37
f 109//38 575//38 108//38
f 233//39 699//39 232//39
f 415//40 881//40 414//40
f 363//41 829//41 362//41
f 252//42 718//42 251//42
f 179//43 645//43 178//43
f 183//44 649//44 182//44
f 393//45 859//45 392//45
f 313//46 779//46 312//46
f 269//47 735//47 268//47
f 359//48 825//48 358//48
f 443//49 909//49 442//49
f 445//50 911//50 444//50
f 30//51 496//51 29//51
f 149//52 615//52 148//52
f 171//53 637//53 170//53
f 309//54 775//54 308//54
f 194//55 660//55 193//55
f 454//56 920//56 453//56
f 79//2 545//2 78//2
f 463//57 929//57 462//57
f 172//58 638//58 171//58
f 97//59 563//59 96//59
f 266//60 732//60 265//60
f 358//61 824//61 357//61
f 231//62 697//62 230//62
f 37//63 503//63 36//63
f 319//64 785//64 318//64
f 306//65 772//65 305//65
f 75//66 541//66 74//66
f 124//67 590//67 123//67
f 379//68 845//68 378//68
f 464//69 930//69 463//69
f 27//70 493//70 26//70
f 273//71 739//71 272//71
f 182//72 648//72 181//72
f 195//73 661//73 194//73
f 72//74 538//74 71//74
f 278//75 744//75 277//75
f 76//76 542//76 75//76
f 56//77 522//77 55//77
f 167//78 633//78 166//78
f 342//79 808//79 341//79
f 449//80 915//80 448//80
f 129//81 595//81 128//81
f 246//82 712//82 245//82
f 18//83 484//83 17//83
f 258//84 724//84 257//84
f 362//85 828//85 361//85
f 137//86 603//86 136//86
f 374//87 840//87 373//87
f 191//88 657//88 190//88
f 251//89 717//89 250//89
f 247//90 713//90 246//90
f 282//91 748//91 281//91
f 12//92 478//92 11//92
f 117//93 583//93 116//93
f 404//94 870//94 403//94
f 3//95 469//95 2//95
f 316//96 782//96 315//96
f 201//97 667//97 200//97
f 91//98 557//98 90//98
f 290//99 756//99 289//99
f 331//100 797//100 330//100
f 31//63 497//63 30//63
f 77//101 543//101 76//101
f 416//102 882//102 415//102
f 166//103 632//103 165//103
f 106//104 572//104 105//104
f 293//105 759//105 292//105
f 55//106 521//106 54//106
f 407//107 873//107 406//107
f 163//108 629//108 162//108
f 214//109 680//109 213//109
f 262//110 728//110 261//110
f 92//111 558//111 91//111
f 221//112 687//112 220//112
f 381//113 847//113 380//113
f 170//114 636//114 169//114
f 40//115 506//115 39//115
f 255//116 721//116 254//116
f 343//117 809//117 342//117
f 49//118 515//118 48//118
f 121//119 587//119 120//119
f 369//120 835//120 368//120
f 378//121 844//121 377//121
f 230//122 696//122 229//122
f 144//123 610//123 143//123
f 270//124 736//124 269//124
f 44//125 510//125 43//125
f 267//126 733//126 266//126
f 101//127 567//127 100//127
f 8//128 474//128 7//128
f 192//129 658//129 191//129
f 408//130 874//130 407//130
f 153//131 619//131 152//131
f 401//132 867//132 400//132
f 178//133 644//133 177//133
f 447//134 913//134 446//134
f 236//135 702//135 235//135
f 328//136 794//136 327//136
f 28//137 494//137 27//137
f 305//138 771//138 304//138
f 199//139 665//139 198//139
f 423//140 889//140 422//140
f 181//141 647//141 180//141
f 259//142 725//142 258//142
f 4//143 470//143 3//143
f 264//144 730//144 263//144
f 426//8 892//8 425//8
f 68//145 534//145 67//145
f 52//146 518//146 51//146
f 93//147 559//147 92//147
f 397//148 863//148 396//148
f 59//149 525//149 58//149
f 346//150 812//150 345//150
f 386//151 852//151 385//151
f 339//152 805//152 338//152
f 451//153 917//153 450//153
f 239//154 705//154 238//154
f 366//155 832//155 365//155
f 141//156 607//156 140//156
f 39//63 505//63 38//63
f 444//157 910//157 443//157
f 422//158 888//158 421//158
f 289//159 755//159 288//159
f 296//160 762//160 295//160
f 63//161 529//161 62//161
f 465//162 931//162 464//162
f 142//163 608//163 141//163
f 442//164 908//164 441//164
f 439//165 905//165 438//165
f 353//166 819//166 352//166
f 283//91 749//91 282//91
f 335//167 801//167 334//167
f 162//168 628//168 161//168
f 108//169 574//169 107//169
f 242//170 708//170 241//170
f 36//115 502//115 35//115
f 165//171 631//171 164//171
f 357//172 823//172 356//172
f 185//173 651//173 184//173
f 223//174 689//174 222//174
f 352//175 818//175 351//175
f 211//176 677//176 210//176
f 116//177 582//177 115//177
f 120//178 586//178 119//178
f 430//179 896//179 429//179
f 157//180 623//180 156//180
f 210//181 676//181 209//181
f 190//182 656//182 189//182
f 384//183 850//183 383//183
f 332//184 798//184 331//184
f 206//185 672//185 205//185
f 138//186 604//186 137//186
f 88//2 554//2 87//2
f 373//187 839//187 372//187
f 438//188 904//188 437//188
f 274//189 740//189 273//189
f 433//190 899//190 432//190
f 394//191 860//191 393//191
f 312//192 778//192 311//192
f 50//193 516//193 49//193
f 361//194 827//194 360//194
f 405//195 871//195 404//195
f 450//196 916//196 449//196
f 254//197 720//197 253//197
f 300//198 766//198 299//198
f 105//199 571//199 104//199
f 81//200 547//200 80//200
f 260//201 726//201 259//201
f 19//202 485//202 18//202
f 160//2 626//2 159//2
f 13//203 479//203 12//203
f 84//204 550//204 83//204
f 315//205 781//205 314//205
f 324//58 790//58 323//58
f 158//206 624//206 157//206
f 235//207 701//207 234//207
f 308//2 774//2 307//2
f 263//208 729//208 262//208
f 226//209 692//209 225//209
f 69//210 535//210 68//210
f 271//211 737//211 270//211
f 385//212 851//212 384//212
f 104//213 570//213 103//213
f 348//214 814//214 347//214
f 24//215 490//215 23//215
f 245//216 711//216 244//216
f 100//217 566//217 99//217
f 455//218 921//218 454//218
f 452//219 918//219 451//219
f 43//220 509//220 42//220
f 222//221 688//221 221//221
f 9//222 475//222 8//222
f 128//2 594//2 127//2
f 286//223 752//223 285//223
f 154//224 620//224 153//224
f 78//225 544//225 77//225
f 292//226 758//226 291//226
f 325//227 791//227 324//227
f 417//228 883//228 416//228
f 421//229 887//229 420//229
f 459//230 925//230 458//230
f 34//63 500//63 33//63
f 16//231 482//231 15//231
f 66//232 532//232 65//232
f 145//233 611//233 144//233
f 134//83 600//83 133//83
f 360//234 826//234 359//234
f 304//235 770//235 303//235
f 318//236 784//236 317//236
f 412//237 878//237 411//237
f 229//238 695//238 228//238
f 377//239 843//239 376//239
f 115//240 581//240 114//240
f 119//241 585//241 118//241
f 51//242 517//242 50//242
f 224//243 690//243 223//243
f 456//244 922//244 455//244
f 347//8 813//8 346//8
f 303//245 769//245 302//245
f 20//246 486//246 19//246
f 29//247 495//247 28//247
f 180//141 646//141 179//141
f 200//248 666//248 199//248
f 203//249 669//249 202//249
f 32//63 498//63 31//63
f 275//75 741//75 274//75
f 395//250 861//250 394//250
f 54//251 520//251 53//251
f 139//252 605//252 138//252
f 5//253 471//253 4//253
f 344//254 810//254 343//254
f 329//255 795//255 328//255
f 409//256 875//256 408//256
f 402//257 868//257 401//257
f 130//2 596//2 129//2
f 253//258 719//258 252//258
f 365//259 831//259 364//259
f 437//260 903//260 436//260
f 413//261 879//261 412//261
f 189//262 655//262 188//262
f 294//263 760//263 293//263
f 420//264 886//264 419//264
f 150//265 616//265 149//265
f 64//266 530//266 63//266
f 250//267 716//267 249//267
f 94//268 560//268 93//268
f 265//269 731//269 264//269
f 383//270 849//270 382//270
f 47//271 513//271 46//271
f 418//272 884//272 417//272
f 364//273 830//273 363//273
f 71//274 537//274 70//274
f 67//275 533//275 66//275
f 73//276 539//276 72//276
f 466//277 932//277 465//277
f 390//278 856//278 389//278
f 388//279 854//279 387//279
f 169//280 635//280 168//280
f 174//281 640//281 173//281
f 35//63 501//63 34//63
f 376//282 842//282 375//282
f 334//283 800//283 333//283
f 249//284 715//284 248//284
f 215//285 681//285 214//285
f 291//286 757//286 290//286
f 349//287 815//287 348//287
f 241//288 707//288 240//288
f 99//289 565//289 98//289
f 398//290 864//290 397//290
f 372//291 838//291 371//291
f 425//292 891//292 424//292
f 103//293 569//293 102//293
f 184//294 650//294 183//294
f 177//295 643//295 176//295
f 58//296 524//296 57//296
f 216//297 682//297 215//297
f 217//298 683//298 216//298
f 391//299 857//299 390//299
f 220//300 686//300 219//300
f 287//301 753//301 286//301
f 164//302 630//302 163//302
f 155//58 621//58 154//58
f 89//303 555//303 88//303
f 340//304 806//304 339//304
f 433//305 541//305 74//305
f 219//306 685//306 218//306
f 6//307 472//307 5//307
f 467//308 933//308 466//308
f 85//309 551//309 84//309
f 197//310 663//310 196//310
f 112//311 578//311 111//311
f 38//63 504//63 37//63
f 127//312 593//312 126//312
f 173//313 639//313 172//313
f 336//314 802//314 335//314
f 371//315 837//315 370//315
f 62//58 528//58 61//58
f 161//316 627//316 160//316
f 228//317 694//317 227//317
f 280//91 746//91 279//91
f 428//318 894//318 427//318
f 135//319 601//319 134//319
f 432//320 898//320 431//320
f 446//321 912//321 445//321
f 272//211 738//211 271//211
f 460//322 926//322 459//322
f 356//323 822//323 355//323
f 225//324 691//324 224//324
f 207//325 673//325 206//325
f 453//326 919//326 452//326
f 238//327 704//327 237//327
f 61//328 527//328 60//328
f 98//329 564//329 97//329
f 10//330 476//330 9//330
f 276//91 742//91 275//91
f 307//331 773//331 306//331
f 125//332 591//332 124//332
f 25//333 491//333 24//333
f 399//334 865//334 398//334
f 462//335 928//335 461//335
f 33//63 499//63 32//63
f 337//336 803//336 336//336
f 123//337 589//337 122//337
f 441//338 907//338 440//338
f 299//339 765//339 298//339
f 204//340 670//340 203//340
f 410//341 876//341 409//341
f 338//342 804//342 337//342
f 82//2 548//2 81//2
f 244//343 710//343 243//343
f 17//344 483//344 16//344
f 261//345 727//345 260//345
f 114//346 580//346 113//346
f 146//347 612//347 145//347
f 70//348 536//348 69//348
f 321//349 787//349 320//349
f 196//350 662//350 195//350
f 457//351 923//351 456//351
f 375//352 841//352 374//352
f 234//353 700//353 233//353
f 326//354 792//354 325//354
f 131//355 597//355 130//355
f 322//356 788//356 321//356
f 295//357 761//357 294//357
f 285//91 751//91 284//91
f 406//358 872//358 405//358
f 7//359 473//359 6//359
f 279//189 745//189 278//189
f 14//360 480//360 13//360
f 187//361 653//361 186//361
f 298//362 764//362 297//362
f 107//363 573//363 106//363
f 110//8 576//8 109//8
f 351//364 817//364 350//364
f 400//365 866//365 399//365
f 382//366 848//366 381//366
f 122//367 588//367 121//367
f 86//359 552//359 85//359
f 368//368 834//368 367//368
f 227//369 693//369 226//369
f 411//370 877//370 410//370
f 414//371 880//371 413//371
f 2//372 468//372 1//372
f 151//373 617//373 150//373
f 317//374 783//374 316//374
f 118//375 584//375 117//375
f 330//376 796//376 329//376
f 243//377 709//377 242//377
f 467//378 901//378 434//378
f 46//379 512//379 45//379
f 133//2 599//2 132//2
f 341//380 807//380 340//380
f 136//381 602//381 135//381
f 268//382 734//382 267//382
f 57//383 523//383 56//383
f 392//384 858//384 391//384
f 350//385 816//385 349//385
f 436//386 902//386 435//386
f 148//387 614//387 147//387
f 380//388 846//388 379//388
f 198//389 664//389 197//389
f 175//390 641//390 174//390
f 387//391 853//391 386//391
f 327//392 793//392 326//392
f 21//393 487//393 20//393
f 90//394 556//394 89//394
f 188//395 654//395 187//395
f 310//396 776//396 309//396
f 111//397 577//397 110//397
f 168//398 634//398 167//398
f 435//399 901//399 434//399
f 424//400 890//400 423//400
f 355//401 821//401 354//401
f 26//402 492//402 25//402
f 42//403 508//403 41//403
f 22//404 488//404 21//404
f 367//405 833//405 366//405
f 176//406 642//406 175//406
f 232//407 698//407 231//407
f 213//408 679//408 212//408
f 311//409 777//409 310//409
f 80//410 546//410 79//410
f 419//411 885//411 418//411
f 314//412 780//412 313//412
f 45//413 511//413 44//413
f 152//414 618//414 151//414
f 208//415 674//415 207//415
f 370//416 836//416 369//416
f 281//189 747//189 280//189
f 431//417 897//417 430//417
f 143//2 609//2 142//2
f 41//418 507//418 40//418
f 284//189 750//189 283//189
f 448//419 914//419 447//419
f 248//420 714//420 247//420
f 277//91 743//91 276//91
f 60//421 526//421 59//421
f 102//2 568//2 101//2
f 147//422 613//422 146//422
f 186//423 652//423 185//423
f 202//424 668//424 201//424
f 87//425 553//425 86//425
f 302//426 768//426 301//426
f 237//427 703//427 236//427
f 193//428 659//428 192//428
f 73//1 540//1 468//1
f 83//2 550//2 549//2
f 65//3 532//3 531//3
f 333//4 800//4 799//4
f 440//5 907//5 906//5
f 113//6 580//6 579//6
f 257//429 724//429 723//429
f 96//8 563//8 562//8
f 212//430 679//430 678//430
f 256//431 723//431 722//431
f 429//8 896//8 895//8
f 396//11 863//11 862//11
f 458//12 925//12 924//12
f 11//13 478//13 477//13
f 48//14 515//14 514//14
f 140//15 607//15 606//15
f 126//2 593//2 592//2
f 53//16 520//16 519//16
f 218//17 685//17 684//17
f 156//18 623//18 622//18
f 15//19 482//19 481//19
f 323//20 790//20 789//20
f 461//21 928//21 927//21
f 297//22 764//22 763//22
f 95//23 562//23 561//23
f 159//24 626//24 625//24
f 240//432 707//432 706//432
f 288//26 755//26 754//26
f 23//27 490//27 489//27
f 345//28 812//28 811//28
f 132//29 599//29 598//29
f 301//30 768//30 767//30
f 205//433 672//433 671//433
f 354//32 821//32 820//32
f 320//33 787//33 786//33
f 403//34 870//34 869//34
f 209//434 676//434 675//434
f 427//36 894//36 893//36
f 389//37 856//37 855//37
f 109//38 576//38 575//38
f 233//435 700//435 699//435
f 415//40 882//40 881//40
f 363//41 830//41 829//41
f 252//42 719//42 718//42
f 179//436 646//436 645//436
f 183//44 650//44 649//44
f 393//45 860//45 859//45
f 313//46 780//46 779//46
f 269//437 736//437 735//437
f 359//48 826//48 825//48
f 443//49 910//49 909//49
f 445//50 912//50 911//50
f 30//115 497//115 496//115
f 149//52 616//52 615//52
f 171//53 638//53 637//53
f 309//54 776//54 775//54
f 194//438 661//438 660//438
f 454//56 921//56 920//56
f 79//2 546//2 545//2
f 463//57 930//57 929//57
f 172//58 639//58 638//58
f 97//59 564//59 563//59
f 266//439 733//439 732//439
f 358//61 825//61 824//61
f 231//440 698//440 697//440
f 37//63 504//63 503//63
f 319//64 786//64 785//64
f 306//65 773//65 772//65
f 75//66 542//66 541//66
f 124//67 591//67 590//67
f 379//68 846//68 845//68
f 464//69 931//69 930//69
f 27//441 494//441 493//441
f 273//71 740//71 739//71
f 182//72 649//72 648//72
f 195//73 662//73 661//73
f 72//74 539//74 538//74
f 278//91 745//91 744//91
f 76//442 543//442 542//442
f 56//77 523//77 522//77
f 167//78 634//78 633//78
f 342//79 809//79 808//79
f 449//80 916//80 915//80
f 129//81 596//81 595//81
f 246//443 713//443 712//443
f 18//444 485//444 484//444
f 258//445 725//445 724//445
f 362//85 829//85 828//85
f 137//86 604//86 603//86
f 374//446 841//446 840//446
f 191//447 658//447 657//447
f 251//89 718//89 717//89
f 247//90 714//90 713//90
f 282//91 749//91 748//91
f 12//448 479//448 478//448
f 117//93 584//93 583//93
f 404//94 871//94 870//94
f 3//95 470//95 469//95
f 316//96 783//96 782//96
f 201//97 668//97 667//97
f 91//98 558//98 557//98
f 290//99 757//99 756//99
f 331//100 798//100 797//100
f 31//63 498//63 497//63
f 77//101 544//101 543//101
f 416//102 883//102 882//102
f 166//103 633//103 632//103
f 106//104 573//104 572//104
f 293//105 760//105 759//105
f 55//106 522//106 521//106
f 407//107 874//107 873//107
f 163//449 630//449 629//449
f 214//109 681//109 680//109
f 262//450 729//450 728//450
f 92//111 559//111 558//111
f 221//112 688//112 687//112
f 381//113 848//113 847//113
f 170//114 637//114 636//114
f 40//63 507//63 506//63
f 255//451 722//451 721//451
f 343//117 810//117 809//117
f 49//118 516//118 515//118
f 121//119 588//119 587//119
f 369//120 836//120 835//120
f 378//121 845//121 844//121
f 230//452 697//452 696//452
f 144//123 611//123 610//123
f 270//124 737//124 736//124
f 44//125 511//125 510//125
f 267//126 734//126 733//126
f 101//453 568//453 567//453
f 8//128 475//128 474//128
f 192//129 659//129 658//129
f 408//130 875//130 874//130
f 153//131 620//131 619//131
f 401//132 868//132 867//132
f 178//454 645//454 644//454
f 447//134 914//134 913//134
f 236//135 703//135 702//135
f 328//136 795//136 794//136
f 28//137 495//137 494//137
f 305//455 772//455 771//455
f 199//139 666//139 665//139
f 423//140 890//140 889//140
f 181//456 648//456 647//456
f 259//457 726//457 725//457
f 4//143 471//143 470//143
f 264//144 731//144 730//144
f 426//8 893//8 892//8
f 68//145 535//145 534//145
f 52//146 519//146 518//146
f 93//147 560//147 559//147
f 397//148 864//148 863//148
f 59//149 526//149 525//149
f 346//150 813//150 812//150
f 386//151 853//151 852//151
f 339//152 806//152 805//152
f 451//153 918//153 917//153
f 239//458 706//458 705//458
f 366//155 833//155 832//155
f 141//156 608//156 607//156
f 39//115 506//115 505//115
f 444//157 911//157 910//157
f 422//158 889//158 888//158
f 289//159 756//159 755//159
f 296//160 763//160 762//160
f 63//161 530//161 529//161
f 465//162 932//162 931//162
f 142//163 609//163 608//163
f 442//164 909//164 908//164
f 439//165 906//165 905//165
f 353//166 820//166 819//166
f 283//91 750//91 749//91
f 335//167 802//167 801//167
f 162//168 629//168 628//168
f 108//169 575//169 574//169
f 242//170 709//170 708//170
f 36//63 503//63 502//63
f 165//171 632//171 631//171
f 357//296 824//296 823//296
f 185//459 652//459 651//459
f 223//460 690//460 689//460
f 352//175 819//175 818//175
f 211//176 678//176 677//176
f 116//461 583//461 582//461
f 120//178 587//178 586//178
f 430//179 897//179 896//179
f 157//180 624//180 623//180
f 210//181 677//181 676//181
f 190//462 657//462 656//462
f 384//183 851//183 850//183
f 332//184 799//184 798//184
f 206//463 673//463 672//463
f 138//186 605//186 604//186
f 88//2 555//2 554//2
f 373//187 840//187 839//187
f 438//188 905//188 904//188
f 274//189 741//189 740//189
f 433//190 900//190 899//190
f 394//191 861//191 860//191
f 312//192 779//192 778//192
f 50//193 517//193 516//193
f 361//464 828//464 827//464
f 405//195 872//195 871//195
f 450//196 917//196 916//196
f 254//197 721//197 720//197
f 300//198 767//198 766//198
f 105//199 572//199 571//199
f 81//200 548//200 547//200
f 260//465 727//465 726//465
f 19//202 486//202 485//202
f 160//2 627//2 626//2
f 13//203 480//203 479//203
f 84//466 551//466 550//466
f 315//205 782//205 781//205
f 324//58 791//58 790//58
f 158//206 625//206 624//206
f 235//467 702//467 701//467
f 308//2 775//2 774//2
f 263//208 730//208 729//208
f 226//468 693//468 692//468
f 69//210 536//210 535//210
f 271//469 738//469 737//469
f 385//212 852//212 851//212
f 104//213 571//213 570//213
f 348//214 815//214 814//214
f 24//215 491//215 490//215
f 245//216 712//216 711//216
f 100//217 567//217 566//217
f 455//218 922//218 921//218
f 452//219 919//219 918//219
f 43//220 510//220 509//220
f 222//470 689//470 688//470
f 9//222 476//222 475//222
f 128//2 595//2 594//2
f 286//223 753//223 752//223
f 154//224 621//224 620//224
f 78//225 545//225 544//225
f 292//226 759//226 758//226
f 325//227 792//227 791//227
f 417//228 884//228 883//228
f 421//229 888//229 887//229
f 459//230 926//230 925//230
f 34//63 501//63 500//63
f 16//471 483//471 482//471
f 66//232 533//232 532//232
f 145//233 612//233 611//233
f 134//83 601//83 600//83
f 360//234 827//234 826//234
f 304//235 771//235 770//235
f 318//236 785//236 784//236
f 412//237 879//237 878//237
f 229//238 696//238 695//238
f 377//239 844//239 843//239
f 115//240 582//240 581//240
f 119//241 586//241 585//241
f 51//242 518//242 517//242
f 224//243 691//243 690//243
f 456//244 923//244 922//244
f 347//8 814//8 813//8
f 303//245 770//245 769//245
f 20//246 487//246 486//246
f 29//247 496//247 495//247
f 180//472 647//472 646//472
f 200//473 667//473 666//473
f 203//249 670//249 669//249
f 32//63 499//63 498//63
f 275//189 742//189 741//189
f 395//474 862//474 861//474
f 54//251 521//251 520//251
f 139//252 606//252 605//252
f 5//253 472//253 471//253
f 344//254 811//254 810//254
f 329//255 796//255 795//255
f 409//256 876//256 875//256
f 402//257 869//257 868//257
f 130//2 597//2 596//2
f 253//475 720//475 719//475
f 365//259 832//259 831//259
f 437//260 904//260 903//260
f 413//261 880//261 879//261
f 189//262 656//262 655//262
f 294//263 761//263 760//263
f 420//264 887//264 886//264
f 150//265 617//265 616//265
f 64//266 531//266 530//266
f 250//267 717//267 716//267
f 94//268 561//268 560//268
f 265//476 732//476 731//476
f 383//270 850//270 849//270
f 47//271 514//271 513//271
f 418//272 885//272 884//272
f 364//273 831//273 830//273
f 71//274 538//274 537//274
f 67//275 534//275 533//275
f 73//276 540//276 539//276
f 466//277 933//277 932//277
f 390//278 857//278 856//278
f 388//279 855//279 854//279
f 169//280 636//280 635//280
f 174//281 641//281 640//281
f 35//115 502//115 501//115
f 376//282 843//282 842//282
f 334//283 801//283 800//283
f 249//284 716//284 715//284
f 215//285 682//285 681//285
f 291//477 758//477 757//477
f 349//287 816//287 815//287
f 241//288 708//288 707//288
f 99//289 566//289 565//289
f 398//290 865//290 864//290
f 372//291 839//291 838//291
f 425//292 892//292 891//292
f 103//293 570//293 569//293
f 184//478 651//478 650//478
f 177//295 644//295 643//295
f 58//296 525//296 524//296
f 216//479 683//479 682//479
f 217//480 684//480 683//480
f 391//481 858//481 857//481
f 220//300 687//300 686//300
f 287//482 754//482 753//482
f 164//302 631//302 630//302
f 155//58 622//58 621//58
f 89//303 556//303 555//303
f 340//304 807//304 806//304
f 433//305 900//305 541//305
f 219//306 686//306 685//306
f 6//307 473//307 472//307
f 467//308 934//308 933//308
f 85//309 552//309 551//309
f 197//483 664//483 663//483
f 112//311 579//311 578//311
f 38//63 505//63 504//63
f 127//312 594//312 593//312
f 173//313 640//313 639//313
f 336//314 803//314 802//314
f 371//315 838//315 837//315
f 62//58 529//58 528//58
f 161//316 628//316 627//316
f 228//317 695//317 694//317
f 280//91 747//91 746//91
f 428//318 895//318 894//318
f 135//319 602//319 601//319
f 432//320 899//320 898//320
f 446//321 913//321 912//321
f 272//484 739//484 738//484
f 460//322 927//322 926//322
f 356//323 823//323 822//323
f 225//485 692//485 691//485
f 207//325 674//325 673//325
f 453//326 920//326 919//326
f 238//327 705//327 704//327
f 61//328 528//328 527//328
f 98//329 565//329 564//329
f 10//330 477//330 476//330
f 276//91 743//91 742//91
f 307//331 774//331 773//331
f 125//332 592//332 591//332
f 25//486 492//486 491//486
f 399//334 866//334 865//334
f 462//335 929//335 928//335
f 33//63 500//63 499//63
f 337//336 804//336 803//336
f 123//337 590//337 589//337
f 441//338 908//338 907//338
f 299//339 766//339 765//339
f 204//340 671//340 670//340
f 410//341 877//341 876//341
f 338//342 805//342 804//342
f 82//2 549//2 548//2
f 244//343 711//343 710//343
f 17//344 484//344 483//344
f 261//487 728//487 727//487
f 114//346 581//346 580//346
f 146//488 613//488 612//488
f 70//348 537//348 536//348
f 321//349 788//349 787//349
f 196//350 663//350 662//350
f 457//351 924//351 923//351
f 375//352 842//352 841//352
f 234//489 701//489 700//489
f 326//354 793//354 792//354
f 131//355 598//355 597//355
f 322//356 789//356 788//356
f 295//357 762//357 761//357
f 285//91 752//91 751//91
f 406//358 873//358 872//358
f 7//490 474//490 473//490
f 279//91 746//91 745//91
f 14//360 481//360 480//360
f 187//361 654//361 653//361
f 298//362 765//362 764//362
f 107//363 574//363 573//363
f 110//8 577//8 576//8
f 351//364 818//364 817//364
f 400//365 867//365 866//365
f 382//366 849//366 848//366
f 122//367 589//367 588//367
f 86//359 553//359 552//359
f 368//368 835//368 834//368
f 227//369 694//369 693//369
f 411//370 878//370 877//370
f 414//371 881//371 880//371
f 2//372 469//372 468//372
f 151//491 618//491 617//491
f 317//374 784//374 783//374
f 118//375 585//375 584//375
f 330//376 797//376 796//376
f 243//492 710//492 709//492
f 467//378 934//378 901//378
f 46//379 513//379 512//379
f 133//2 600//2 599//2
f 341//380 808//380 807//380
f 136//381 603//381 602//381
f 268//493 735//493 734//493
f 57//383 524//383 523//383
f 392//384 859//384 858//384
f 350//494 817//494 816//494
f 436//386 903//386 902//386
f 148//387 615//387 614//387
f 380//388 847//388 846//388
f 198//389 665//389 664//389
f 175//390 642//390 641//390
f 387//391 854//391 853//391
f 327//392 794//392 793//392
f 21//495 488//495 487//495
f 90//394 557//394 556//394
f 188//395 655//395 654//395
f 310//396 777//396 776//396
f 111//397 578//397 577//397
f 168//398 635//398 634//398
f 435//399 902//399 901//399
f 424//400 891//400 890//400
f 355//401 822//401 821//401
f 26//496 493//496 492//496
f 42//403 509//403 508//403
f 22//404 489//404 488//404
f 367//405 834//405 833//405
f 176//497 643//497 642//497
f 232//498 699//498 698//498
f 213//499 680//499 679//499
f 311//409 778//409 777//409
f 80//410 547//410 546//410
f 419//411 886//411 885//411
f 314//412 781//412 780//412
f 45//413 512//413 511//413
f 152//414 619//414 618//414
f 208//500 675//500 674//500
f 370//416 837//416 836//416
f 281//91 748//91 747//91
f 431//501 898//501 897//501
f 143//2 610//2 609//2
f 41//418 508//418 507//418
f 284//91 751//91 750//91
f 448//419 915//419 914//419
f 248//502 715//502 714//502
f 277//91 744//91 743//91
f 60//421 527//421 526//421
f 102//2 569//2 568//2
f 147//422 614//422 613//422
f 186//423 653//423 652//423
f 202//424 669//424 668//424
f 87//503 554//503 553//503
f 302//426 769//426 768//426
f 237//504 704//504 703//504
f 193//428 660//428 659//428
